-----------------------------------------------------
ALGORITMO K-Means 

times = 1
k = 10
max_iter = 5
-----------------------------------------------------
Iteración 0

Selecciona centroides al azar
[0 0 0 0 0 0 0 1 0 0 0 0 0 0 0 0 0 0 0 0 0 0 0 0 0 0 0 0 0 0]
[0 0 0 0 0 0 0 0 0 0 0 1 0 0 0 0 0 0 0 1 0 0 0 0 0 0 0 0 0 0]
[0 0 0 0 0 0 0 0 0 0 1 0 0 0 0 0 0 0 0 0 0 0 0 0 0 0 0 0 0 0]
[0 0 0 0 0 0 0 0 0 0 1 0 0 0 0 0 0 0 0 0 0 0 0 1 0 0 0 0 0 0]
[0 0 0 0 1 0 0 0 1 0 0 0 0 0 0 0 1 0 0 0 0 0 0 0 0 0 0 0 0 0]
[0 0 0 0 0 0 0 0 0 0 1 0 0 0 0 0 0 1 0 0 0 0 0 0 0 0 0 0 0 0]
[0 0 0 0 0 0 0 0 0 0 0 0 1 0 0 0 0 0 0 0 0 0 0 0 0 0 0 0 0 0]
[0 0 0 0 0 0 0 0 0 0 0 0 0 0 0 0 0 0 0 0 0 0 0 0 0 0 0 0 0 0]
[0 0 0 0 0 0 0 0 0 0 0 0 0 0 0 0 0 1 0 0 0 0 0 0 0 0 0 0 0 0]
[0 0 0 0 0 0 0 0 0 0 0 0 0 0 0 0 0 0 0 0 0 0 0 0 0 0 0 1 0 0]



Los centroides hallados son: 

0.007 , 0.005 , 0.079 , 0.062 , 0.072 , 0.048 , 0.063 , 1.004 , 0.007 , 0.017 , 0.016 , 0.039 , 0.08 , 0.023 , 0.119 , 0.061 , 0.054 , 0.018 , 0.054 , 0.028 , 0.028 , 0.011 , 0.007 , 0.004 , 0.004 , 0.026 , 0.004 , 0.02 , 0.011 , 0.005 , 

*******************************

0.009 , 0.022 , 0.077 , 0.04 , 0.08 , 0.036 , 0.039 , 0.002 , 0.04 , 0.021 , 0.0 , 0.639 , 0.002 , 0.038 , 0.145 , 0.047 , 0.041 , 0.0 , 0.013 , 0.398 , 0.021 , 0.012 , 0.012 , 0.007 , 0.007 , 0.015 , 0.007 , 0.0 , 0.014 , 0.021 , 

*******************************

0.01 , 0.005 , 0.01 , 0.002 , 0.005 , 0.056 , 0.046 , 0.0 , 0.0 , 0.008 , 1.051 , 0.058 , 0.1 , 0.0 , 0.05 , 0.003 , 0.002 , 0.0 , 0.039 , 0.004 , 0.003 , 0.049 , 0.019 , 0.0 , 0.007 , 0.06 , 0.017 , 0.033 , 0.05 , 0.003 , 

*******************************

0.01 , 0.011 , 0.041 , 0.004 , 0.026 , 0.04 , 0.012 , 0.0 , 0.0 , 0.014 , 0.135 , 0.005 , 0.015 , 0.007 , 0.026 , 0.0 , 0.0 , 0.004 , 0.014 , 0.0 , 0.005 , 0.022 , 0.026 , 1.019 , 0.005 , 0.28 , 0.023 , 0.016 , 0.053 , 0.015 , 

*******************************

0.061 , 0.042 , 0.131 , 0.042 , 0.748 , 0.096 , 0.048 , 0.016 , 0.546 , 0.048 , 0.0 , 0.128 , 0.134 , 0.064 , 0.163 , 0.038 , 0.917 , 0.026 , 0.013 , 0.07 , 0.042 , 0.01 , 0.003 , 0.003 , 0.003 , 0.003 , 0.003 , 0.016 , 0.01 , 0.026 , 

*******************************

0.0 , 0.0 , 0.0 , 0.0 , 0.011 , 0.011 , 0.034 , 0.0 , 0.0 , 0.0 , 1.034 , 0.045 , 0.056 , 0.0 , 0.0 , 0.0 , 0.0 , 1.0 , 0.0 , 0.0 , 0.0 , 0.045 , 0.022 , 0.0 , 0.0 , 0.09 , 0.0 , 0.011 , 0.022 , 0.0 , 

*******************************

0.011 , 0.008 , 0.072 , 0.011 , 0.023 , 0.03 , 0.016 , 0.0 , 0.002 , 0.011 , 0.0 , 0.02 , 1.01 , 0.006 , 0.057 , 0.007 , 0.001 , 0.023 , 0.015 , 0.005 , 0.014 , 0.115 , 0.025 , 0.027 , 0.023 , 0.078 , 0.023 , 0.035 , 0.034 , 0.018 , 

*******************************

0.027 , 0.029 , 0.112 , 0.037 , 0.061 , 0.048 , 0.042 , 0.0 , 0.033 , 0.029 , 0.0 , 0.0 , 0.0 , 0.043 , 0.086 , 0.052 , 0.029 , 0.0 , 0.027 , 0.0 , 0.031 , 0.023 , 0.037 , 0.0 , 0.027 , 0.06 , 0.03 , 0.0 , 0.048 , 0.037 , 

*******************************

0.015 , 0.017 , 0.035 , 0.022 , 0.051 , 0.025 , 0.028 , 0.001 , 0.002 , 0.005 , 0.0 , 0.02 , 0.004 , 0.004 , 0.083 , 0.034 , 0.012 , 1.013 , 0.02 , 0.013 , 0.075 , 0.021 , 0.021 , 0.02 , 0.004 , 0.051 , 0.012 , 0.02 , 0.014 , 0.005 , 

*******************************

0.057 , 0.005 , 0.051 , 0.005 , 0.012 , 0.016 , 0.009 , 0.0 , 0.0 , 0.009 , 0.006 , 0.008 , 0.005 , 0.003 , 0.044 , 0.004 , 0.003 , 0.0 , 0.004 , 0.003 , 0.008 , 0.018 , 0.039 , 0.023 , 0.045 , 0.066 , 0.03 , 1.019 , 0.079 , 0.165 , 

*******************************

-----------------------------------------------------
ALGORITMO SCIKIT K-Means 

Los centroides hallados scikit son: 

0.031 , 0.029 , 0.0 , 0.042 , 0.073 , 0.053 , -0.0 , 0.034 , 0.039 , 0.03 , 0.046 , -0.0 , -0.0 , 0.0 , 0.092 , 0.056 , 0.047 , 0.049 , 0.032 , 0.035 , 0.038 , -0.0 , 0.042 , 0.019 , 0.028 , -0.0 , -0.0 , 0.038 , -0.0 , 0.036 , 

*******************************

0.01 , 0.011 , 0.089 , 0.03 , 0.102 , 0.047 , 0.028 , 0.026 , 0.03 , 0.013 , 0.054 , 1.023 , 0.077 , 0.004 , 0.192 , 0.025 , 0.027 , 0.018 , 0.015 , 0.026 , 0.021 , 0.015 , 0.015 , 0.009 , 0.011 , 0.003 , 0.001 , 0.008 , 0.014 , 0.033 , 

*******************************

0.011 , 0.031 , 0.105 , 0.087 , 0.111 , 0.039 , 1.027 , 0.047 , 0.04 , 0.023 , 0.045 , 0.013 , 0.064 , 0.002 , 0.195 , 0.134 , 0.009 , 0.028 , 0.021 , 0.026 , 0.021 , 0.009 , 0.007 , 0.007 , 0.005 , 0.002 , -0.0 , 0.009 , 0.001 , 0.007 , 

*******************************

0.01 , 0.003 , 0.153 , 0.003 , 0.013 , 0.005 , 0.008 , 0.006 , 0.001 , 0.016 , 0.044 , 0.013 , 0.133 , 0.003 , 0.033 , 0.002 , 0.001 , 0.013 , 0.004 , 0.001 , 0.008 , 0.016 , 0.041 , 0.023 , 0.037 , 0.066 , 0.01 , 0.062 , 1.003 , 0.184 , 

*******************************

0.008 , 0.041 , 0.0 , 0.013 , 0.035 , 0.009 , 0.008 , 0.018 , 0.092 , 0.056 , 0.0 , 0.029 , 0.026 , 1.008 , 0.011 , 0.015 , 0.018 , 0.006 , 0.005 , 0.046 , 0.015 , 0.004 , 0.011 , 0.004 , 0.006 , 0.006 , 0.006 , 0.003 , 0.028 , 0.002 , 

*******************************

0.009 , 0.01 , 0.021 , 0.019 , 0.022 , 0.025 , 0.007 , 0.007 , 0.001 , 0.01 , 0.04 , 0.006 , 0.557 , 0.003 , 0.054 , 0.009 , 0.001 , 0.027 , 0.019 , 0.007 , 0.017 , 1.064 , 0.017 , 0.019 , 0.013 , 0.021 , 0.018 , 0.027 , 0.011 , 0.011 , 

*******************************

0.012 , 0.009 , 0.066 , 0.01 , 0.026 , 0.035 , 0.002 , 0.013 , 0.004 , 0.012 , 0.022 , 0.001 , 1.012 , 0.001 , 0.057 , 0.008 , 0.002 , 0.028 , 0.016 , 0.006 , 0.014 , 0.001 , 0.025 , 0.018 , 0.023 , 0.071 , 0.0 , 0.038 , -0.0 , 0.016 , 

*******************************

0.012 , 0.012 , 1.019 , 0.015 , 0.035 , 0.022 , 0.002 , 0.024 , 0.007 , 0.008 , 0.003 , 0.003 , 0.01 , 0.003 , 0.053 , 0.028 , 0.013 , 0.015 , 0.015 , 0.021 , 0.008 , 0.008 , 0.0 , 0.006 , 0.019 , 0.033 , 0.011 , 0.018 , 0.001 , 0.007 , 

*******************************

0.022 , 0.029 , 0.019 , 0.002 , 0.004 , 0.053 , 0.006 , 0.005 , -0.0 , 0.009 , 0.024 , 0.018 , 0.142 , 0.001 , 0.031 , 0.002 , 0.001 , 0.019 , 0.005 , 0.002 , 0.01 , 0.015 , 0.041 , 0.011 , 0.01 , 0.056 , 1.01 , 0.041 , 0.01 , 0.033 , 

*******************************

0.02 , 0.01 , 0.009 , 0.002 , 0.009 , 0.043 , 0.014 , 0.012 , 0.0 , 0.009 , 0.046 , 0.015 , 0.039 , 0.0 , 0.054 , 0.003 , 0.001 , 0.036 , 0.017 , 0.003 , 0.014 , 0.017 , 0.011 , 0.147 , 0.005 , 1.03 , 0.004 , 0.037 , 0.004 , 0.018 , 

*******************************

